id,email,pass
1,1@1.1,pass1
2,2@2.2,pass2
